0
1
2
3
4
5
6
171
197
7
8
148
152
9
10
11
149
12
150
13
14
206
205
15
16
78
17
18
19
20
127
113
125
140
79
146
21
118
119
147
88
22
110
71
23
24
25
103
26
27
28
128
74
104
89
114
29
129
120
30
31
92
32
93
94
105
121
33
80
81
34
35
82
115
111
130
131
109
137
90
112
135
95
83
84
116
36
132
91
134
75
106
72
85
37
73
86
38
207
39
208
209
210
211
212
213
174
214
159
169
40
175
41
164
165
42
168
200
222
160
193
180
224
223
43
156
179
44
215
216
217
45
157
46
198
220
218
219
221
201
47
170
176
158
161
48
181
231
230
234
199
233
186
232
229
153
227
194
195
226
196
49
187
162
225
50
183
228
51
202
52
177
163
172
53
178
54
244
182
243
151
242
241
240
239
238
237
55
166
56
173
235
236
57
167
154
155
203
204
58
76
96
188
59
138
126
122
189
60
123
61
97
107
139
62
190
63
184
124
98
64
65
66
67
99
100
101
133
102
117
191
192
185
136
108
77
87
141
142
68
143
144
145
69
70
245
