0
1
2
3
4
5
6
197
7
8
9
152
10
11
12
148
13
14
15
16
78
17
18
19
20
127
113
125
140
79
146
21
118
119
147
88
22
110
71
23
24
25
26
103
27
28
128
74
104
89
114
29
129
120
30
31
92
32
93
94
105
121
33
80
81
34
35
82
111
115
130
131
109
137
90
112
135
95
83
84
116
36
132
91
134
136
106
75
72
85
37
73
86
38
169
209
207
39
206
205
170
40
173
41
164
149
165
42
43
156
179
213
214
212
211
210
44
208
168
200
157
45
217
216
215
174
159
183
223
171
224
180
193
160
222
221
220
46
198
219
218
175
47
201
230
231
176
158
161
48
181
150
232
229
153
228
227
194
195
226
196
49
162
225
50
186
233
199
234
51
202
177
52
163
187
53
178
54
244
182
243
151
242
241
240
239
238
237
55
166
56
235
236
57
167
154
155
203
204
58
76
96
188
59
126
122
189
60
123
61
97
107
139
62
190
63
184
138
124
98
64
65
66
67
99
100
101
133
102
117
191
172
192
185
108
77
87
141
68
142
143
144
145
69
70
245
