0
1
2
3
4
5
6
171
197
7
8
9
148
10
11
12
152
13
14
15
16
78
17
18
19
20
127
113
125
140
79
21
88
22
23
24
25
26
103
27
28
128
74
104
89
114
29
129
92
110
30
31
93
94
105
80
81
32
75
106
82
111
115
130
131
109
137
90
71
33
116
83
84
34
76
96
132
146
209
211
212
213
174
214
159
186
169
175
187
107
139
118
97
119
147
35
108
120
36
188
91
134
136
72
85
37
73
86
126
189
38
207
39
206
205
170
40
176
158
173
41
164
149
165
42
183
156
43
179
210
44
208
168
200
172
157
45
46
198
218
219
220
47
222
160
193
180
224
223
153
150
48
161
181
162
190
49
221
50
215
216
217
51
201
52
177
163
228
227
194
195
226
196
225
53
178
54
230
231
55
166
56
57
167
154
229
232
233
199
234
155
202
58
133
121
59
60
123
61
95
62
138
63
184
124
98
64
65
66
67
135
112
99
100
101
122
102
117
191
244
182
243
151
242
241
240
239
238
237
236
235
192
185
77
87
141
68
142
143
144
145
203
204
69
70
245
